     0/499    0.854G    0.1168   0.05121   0.03154    0.1996        11       416         0         0  0.005145  0.001143   0.07142   0.03677   0.02038
     1/499     1.43G    0.1045   0.05015   0.02871    0.1834         7       416         0         0   0.04298  0.006504   0.06784   0.03208   0.02162
     2/499     1.43G   0.09544   0.05034   0.02884    0.1746        11       416         0         0    0.1023   0.01423   0.06074   0.03088   0.02104
     3/499     1.43G   0.08542   0.05361   0.02791    0.1669         9       416         0         0   0.05932  0.009986   0.05125   0.03114   0.02023
     4/499     1.43G    0.0821   0.05431   0.02611    0.1625         9       416         0         0    0.1288   0.02166   0.05068    0.0305   0.02171
     5/499     1.43G   0.07643   0.05596   0.02689    0.1593         8       416         0         0    0.1359   0.02857   0.04285    0.0315   0.02285
     6/499     1.43G   0.07544   0.05189   0.02462     0.152         7       416    0.5849    0.6667    0.3636    0.1429   0.03969   0.02913   0.02216
     7/499     1.43G   0.06996   0.05453   0.02568    0.1502        14       416    0.1623    0.8333    0.3153    0.1323   0.04116   0.02547   0.02281
     8/499     1.43G   0.06385   0.04996   0.02387    0.1377        11       416     0.173    0.8333    0.5712    0.3182   0.03192    0.0234   0.02364
     9/499     1.43G   0.06483   0.05057    0.0238    0.1392        13       416    0.2688    0.8333    0.5602    0.2329   0.03127   0.02038   0.02316
    10/499     1.43G   0.06112   0.04518   0.02322    0.1295        11       416    0.3378         1    0.5808    0.2713    0.0358   0.01895   0.02387
    11/499     1.43G   0.05477   0.04374   0.02281    0.1213        12       416    0.2026         1    0.4569    0.2469   0.03337    0.0176   0.02228
    12/499     1.43G   0.05276   0.04276   0.02238    0.1179         7       416    0.3284         1     0.705    0.2199    0.0275   0.01524    0.0208
    13/499     1.43G   0.05661   0.04085   0.02174    0.1192        11       416    0.3301         1    0.6221    0.3112   0.03027   0.01448   0.02139
    14/499     1.43G   0.05502   0.04212   0.02118    0.1183        10       416    0.3335         1    0.5808     0.357   0.02461   0.01374   0.01804
    15/499     1.43G   0.05281   0.04023   0.02357    0.1166        11       416    0.2548         1    0.4937    0.1575   0.03428   0.01389   0.01856
    16/499     1.43G   0.05316   0.04075   0.02253    0.1164        11       416    0.2241         1     0.597    0.3147   0.02911   0.01343    0.0193
    17/499     1.43G   0.04881   0.03796    0.0215    0.1083         8       416    0.3464         1    0.6252    0.2616   0.02591   0.01456   0.01885
    18/499     1.43G   0.04885   0.03741   0.02101    0.1073        10       416     0.329         1    0.5394    0.1288   0.02691    0.0124   0.01534
    19/499     1.43G   0.04791   0.03821   0.02062    0.1067        12       416    0.2748         1    0.5313    0.2766   0.02437    0.0121   0.01685
    20/499     1.43G   0.04734   0.03763    0.0215    0.1065        12       416    0.3416         1    0.5394    0.1567   0.03003   0.01295   0.01681
    21/499     1.43G   0.04904   0.03525   0.01939    0.1037         9       416    0.4791    0.9911    0.9538    0.4936   0.02951   0.01284   0.01749
    22/499     1.43G   0.04472   0.03273   0.02033   0.09779         6       416    0.3148         1     0.874    0.4769   0.02371   0.01258    0.0167
    23/499     1.43G   0.04323   0.03597   0.01935   0.09855         9       416     0.351         1    0.9125      0.52   0.01918   0.01162   0.01626
    24/499     1.43G   0.04553    0.0352   0.01913   0.09986        12       416    0.4535         1     0.995    0.4369   0.02399   0.01435   0.01622
    25/499     1.43G   0.04422   0.03308   0.01851   0.09582         5       416    0.2679         1    0.5813    0.3684   0.02237   0.01192   0.01172
    26/499     1.43G   0.04299   0.03416   0.01867   0.09582        13       416    0.4674    0.9441    0.5808    0.3611   0.02066   0.01303     0.027
    27/499     1.43G   0.04182   0.03288   0.01656   0.09126         9       416     0.346         1    0.5313    0.3719   0.01903   0.01199   0.01303
    28/499     1.43G   0.04486   0.03213   0.01565   0.09264         8       416    0.4222         1    0.6638     0.332   0.02457   0.01147  0.009811
    29/499     1.43G   0.04325   0.03437   0.01576   0.09338        10       416    0.3422         1    0.6803    0.2523   0.02491   0.01086    0.0106
    30/499     1.43G   0.04175   0.03323    0.0153   0.09027        11       416    0.5892    0.8237    0.6803    0.4232   0.01857   0.01331   0.03194
    31/499     1.43G   0.04142   0.03471   0.01328   0.08941        11       416    0.3388         1    0.5423    0.3288   0.02025   0.01265   0.01511
    32/499     1.43G   0.04332     0.033   0.01387   0.09018        12       416    0.5803    0.9616    0.7462    0.3263   0.02902   0.01278   0.02539
    33/499     1.43G     0.045   0.03242   0.01304   0.09046        12       416    0.3201         1    0.4983     0.241   0.02179   0.01125   0.01609
    34/499     1.43G   0.04189    0.0333   0.01433   0.08952        14       416    0.3061    0.8333    0.4983    0.2412   0.02071   0.01134   0.02339
    35/499     1.43G   0.04048    0.0314   0.01281   0.08469        11       416    0.4553    0.8333    0.5392    0.3568   0.02327   0.01508    0.0242
    36/499     1.43G    0.0437   0.03371   0.01431   0.09172        11       416    0.5881    0.8255    0.6219    0.2779   0.02288     0.018   0.02758
    37/499     1.43G   0.04195   0.03163  0.009896   0.08348        10       416    0.2706    0.3333      0.36    0.2271   0.02859   0.01267   0.03261
    38/499     1.43G   0.04403   0.03151   0.01121   0.08675        11       416    0.2564       0.5    0.4341    0.2163   0.02685   0.01342   0.01717
    39/499     1.43G   0.04329   0.03406   0.01228   0.08963        12       416    0.3914    0.8113    0.4202    0.1086   0.03033     0.014   0.04347
    40/499     1.43G   0.04385   0.03174   0.01028   0.08587         8       416    0.4019         1    0.4975    0.2627   0.02509   0.01524   0.04335
    41/499     1.43G   0.04171    0.0319   0.01138   0.08499        15       416    0.3604       0.5    0.4443    0.2419   0.02753    0.0164   0.03072
    42/499     1.43G   0.04522    0.0331   0.01061   0.08893        12       416    0.4091         1    0.4975    0.1992   0.02662   0.01828   0.02111
    43/499     1.43G   0.04339   0.03278   0.01162   0.08779        18       416    0.3729         1    0.6221    0.3445   0.02251   0.01343   0.01421
    44/499     1.43G   0.04387   0.03278   0.01189   0.08854        11       416    0.5826    0.8224    0.6633    0.4479   0.01847  0.009152   0.04265
    45/499     1.43G   0.04311    0.0334   0.01257   0.08908        13       416    0.2037    0.5672    0.4975    0.1578   0.02715   0.01137   0.04643
    46/499     1.43G   0.04024   0.03025   0.01084   0.08133         6       416     0.235       0.5     0.456     0.307     0.019    0.0116   0.02519
    47/499     1.43G   0.04025   0.03393   0.01002   0.08421        10       416    0.3261    0.8333    0.5258    0.3793   0.01843   0.01072   0.03048
    48/499     1.43G   0.04285   0.03036  0.009983   0.08319         6       416     0.379    0.9089    0.5313    0.3556    0.0191   0.01034   0.03142
    49/499     1.43G   0.04176   0.03386  0.009437   0.08505        15       416    0.2013       0.5    0.4484    0.3098   0.02186   0.01061   0.01345
    50/499     1.43G   0.04149   0.03116  0.008566   0.08121         9       416    0.2384       0.5    0.4975    0.3524   0.01669    0.0119   0.01225
    51/499     1.43G   0.04101   0.03251   0.01089   0.08442        12       416    0.4282         1     0.705    0.5103   0.01856   0.01068   0.01644
    52/499     1.43G   0.03687    0.0306  0.009337   0.07681        11       416    0.2613       0.5    0.5808    0.3072   0.02056   0.01168   0.01255
    53/499     1.43G   0.03766   0.03212  0.009864   0.07964         9       416    0.3027       0.5    0.4979     0.288   0.02496  0.008698   0.01536
    54/499     1.43G   0.03877   0.03271   0.01353   0.08501         9       416    0.4781    0.9618     0.539    0.2158   0.02412  0.009773   0.03299
    55/499     1.43G   0.04332   0.03319   0.01128    0.0878        11       416    0.2552       0.5    0.4353    0.2449   0.02002   0.01037   0.01796
    56/499     1.43G   0.04231   0.03442   0.01052   0.08725        12       416    0.2191       0.5    0.4318    0.2668   0.01671   0.01128   0.01735
    57/499     1.43G   0.03792   0.03113   0.01271   0.08176         9       416    0.2497    0.6667    0.4802    0.2705   0.02185   0.01701   0.02939
    58/499     1.43G   0.04264    0.0332   0.01301   0.08885         9       416    0.3385     0.657    0.4975    0.2185    0.0274   0.01619   0.04894
    59/499     1.43G   0.03947   0.03385  0.008985   0.08231         8       416    0.3117    0.6609    0.3376    0.1142   0.02772   0.01869   0.05941
    60/499     1.43G   0.04191   0.03379   0.01024   0.08594        13       416    0.3923    0.8303    0.3289    0.1128   0.02729   0.01627   0.04076
    61/499     1.43G   0.03704   0.03323  0.009451   0.07972         9       416    0.2649    0.3333    0.3704    0.2032   0.02916   0.01316   0.04395
    62/499     1.43G   0.04097   0.03158   0.01024   0.08279        12       416         0         0    0.1777    0.1004   0.02091   0.01349   0.07041
    63/499     1.43G   0.04068   0.03167  0.009442    0.0818        10       416    0.1515    0.6667    0.2094    0.1073   0.02112   0.01339   0.06323
    64/499     1.43G    0.0399   0.03441  0.009148   0.08346        11       416    0.1345    0.6667    0.2739    0.1602   0.02498    0.0195   0.06026
    65/499     1.43G   0.03883   0.03321  0.009293   0.08133        14       416    0.1365    0.7639    0.4273    0.3026   0.01892   0.01611   0.02488
    66/499     1.43G   0.04085   0.03125  0.009537   0.08164        13       416    0.3249         1    0.4983    0.2104   0.02322   0.01417     0.022
    67/499     1.43G   0.03946   0.03209    0.0109   0.08246         9       416    0.4143    0.8333    0.5813    0.2364    0.0225   0.01589   0.02833
    68/499     1.43G   0.04168   0.03303   0.01315   0.08786        12       416    0.4512         1    0.5145    0.2394   0.02043     0.016   0.02619
    69/499     1.43G   0.03966   0.03216   0.01108    0.0829         8       416    0.3592         1    0.4726    0.2706   0.01662   0.01654   0.01441
    70/499     1.43G   0.03483   0.03428   0.01193   0.08104        10       416    0.1253    0.5399    0.2902    0.1575   0.02484   0.01898   0.04078
    71/499     1.43G   0.03689   0.03288   0.01057   0.08034         7       416    0.2127    0.6667    0.3813    0.1265   0.03688   0.02203   0.02393
    72/499     1.43G   0.04065   0.03953   0.01119   0.09136        17       416    0.4268    0.6667    0.3541    0.2339   0.02312   0.01685   0.05889
    73/499     1.43G   0.03765   0.03329   0.01449   0.08543        11       416    0.3209    0.8333    0.5433    0.3096   0.02063   0.01571    0.0272
    74/499     1.43G   0.03726   0.03254    0.0116    0.0814        13       416    0.1612       0.5    0.4586    0.2475   0.02196   0.01559   0.02445
    75/499     1.43G   0.03832   0.03119   0.01173   0.08124        10       416    0.2826       0.5    0.5558    0.2556   0.03038   0.01497   0.01842
    76/499     1.43G   0.03739   0.03363   0.01337   0.08439        10       416    0.3541    0.8333     0.514    0.3409   0.01894   0.01381   0.02655
    77/499     1.43G    0.0344   0.03416   0.00978   0.07834         8       416    0.3041       0.5    0.4565    0.2366   0.01861   0.01127   0.01801
    78/499     1.43G   0.03589   0.03291   0.01223   0.08103        10       416    0.4325         1    0.5394    0.2948   0.01952   0.01652   0.03442
    79/499     1.43G   0.03686   0.03279   0.01137   0.08103         7       416    0.3445    0.9531    0.4594    0.2638    0.0197   0.01597   0.02306
    80/499     1.43G   0.03628   0.03335  0.009425   0.07905         6       416    0.2803    0.7678    0.3613     0.124   0.02042   0.01374   0.06032
    81/499     1.43G   0.03719   0.03137   0.01038   0.07893         9       416    0.2522    0.7145    0.3731    0.2088   0.01723   0.01632   0.05388
    82/499     1.43G   0.03743   0.03263   0.01071   0.08077        11       416    0.4189    0.9946    0.5423    0.3745   0.01671   0.01384   0.01523
    83/499     1.43G   0.03438    0.0311   0.01103   0.07651        11       416    0.3413    0.9755    0.4983    0.1858    0.0247   0.01771    0.0272
    84/499     1.43G   0.04026   0.03366   0.00968    0.0836        12       416    0.3642         1    0.5973    0.2691   0.02542   0.01307   0.01987
    85/499     1.43G   0.03615   0.03061   0.00855   0.07532        14       416    0.4157         1    0.6221    0.2698     0.026   0.01246   0.01647
    86/499     1.43G   0.04216   0.03376  0.009686   0.08561        14       416    0.3017       0.5    0.4703    0.3792   0.01275   0.01043   0.02575
    87/499     1.43G   0.03474   0.02957  0.007857   0.07217        11       416    0.3695       0.5    0.5145    0.3816    0.0162   0.01015   0.03555
    88/499     1.43G   0.03626   0.03165  0.008934   0.07685        14       416    0.3161       0.5     0.456    0.2572   0.02204  0.008654   0.02442
    89/499     1.43G   0.03336   0.03139  0.008847    0.0736         8       416    0.3533       0.5     0.456    0.2392   0.02167  0.009649   0.05224
    90/499     1.43G   0.03293   0.02979  0.006512   0.06924        10       416    0.3528       0.5    0.4284    0.2765   0.01713  0.008966   0.04179
    91/499     1.43G   0.03361   0.03191  0.008696   0.07421        12       416    0.2559    0.3333    0.3955    0.1831   0.02606   0.01067   0.04732
    92/499     1.43G   0.03241   0.03021  0.007148   0.06977         8       416    0.3753    0.8333    0.4476    0.2919   0.01701   0.01017   0.05318
    93/499     1.43G   0.03304   0.02891  0.008443   0.07039        11       416    0.3099       0.5    0.5273    0.3178    0.0203   0.01093   0.01697
    94/499     1.43G   0.03246   0.02939  0.008177   0.07002        10       416    0.3005       0.5    0.5558    0.3071   0.02257   0.01157   0.01292
    95/499     1.43G   0.03253   0.02738  0.007733   0.06764         8       416    0.4606         1    0.5808    0.3072   0.02093   0.01565   0.01358
    96/499     1.43G   0.03157   0.02943  0.006853   0.06785         9       416    0.3099       0.5    0.4412    0.2673   0.02137   0.01362   0.01837
    97/499     1.43G   0.03077   0.03056  0.008027   0.06936        16       416    0.3048       0.5    0.4977    0.3154   0.02359  0.009146   0.01894
    98/499     1.43G   0.03122   0.02869  0.005282   0.06519        13       416    0.2747       0.5    0.4979    0.3652   0.01765   0.01085   0.01695
    99/499     1.43G   0.03147   0.02788  0.006678   0.06603        12       416    0.4193    0.9313    0.5973    0.4249   0.01527    0.0099    0.0233
   100/499     1.43G    0.0339   0.03195   0.00818   0.07403         7       416    0.3461    0.5493    0.5808    0.4233   0.01499   0.01108   0.01827
   101/499     1.43G    0.0313   0.02865  0.007517   0.06746         5       416    0.3126       0.5    0.5394    0.3196   0.01892  0.009656   0.01419
   102/499     1.43G   0.03157   0.02786  0.005501   0.06493         7       416    0.3107       0.5    0.5806    0.2823   0.02096   0.01022   0.01347
   103/499     1.43G   0.03127   0.03007  0.005671   0.06701        12       416     0.388    0.8155    0.5394    0.3721   0.01561   0.01125   0.01208
   104/499     1.43G   0.03122   0.02871  0.006971    0.0669        11       416    0.2851       0.5    0.5558     0.383   0.01574  0.009125   0.01218
   105/499     1.43G   0.03185   0.02663  0.009555   0.06803         8       416    0.2733       0.5    0.5804    0.3404   0.01581   0.01052   0.01391
   106/499     1.43G   0.03188    0.0279  0.008623   0.06841        13       416    0.2703       0.5    0.5184    0.3614   0.02039  0.009985   0.01685
   107/499     1.43G   0.03009   0.02808  0.005458   0.06362         9       416    0.2633       0.5    0.4977    0.3863   0.01718  0.009733    0.0172
   108/499     1.43G   0.03096   0.02979  0.007012   0.06776        12       416     0.441         1    0.5394    0.2533   0.02333   0.01261   0.02354
   109/499     1.43G   0.03117   0.02699  0.005008   0.06316         8       416    0.3205    0.7598    0.5313    0.2857   0.01996   0.01187   0.04192
   110/499     1.43G   0.02788   0.02776  0.007271   0.06292         7       416    0.2379    0.4595    0.4015    0.2423   0.01971   0.01201   0.02579
   111/499     1.43G    0.0307   0.02803  0.006319   0.06505         6       416    0.2335       0.5    0.4591    0.3247   0.01499   0.01112   0.02435
   112/499     1.43G   0.03112   0.02831  0.008234   0.06766         6       416    0.2318       0.5    0.4565    0.2879   0.01853   0.01109   0.03623
   113/499     1.43G   0.03134   0.02925   0.00769   0.06828         9       416    0.3149         1    0.5559    0.3546   0.01978   0.01447   0.04309
   114/499     1.43G   0.03096   0.02708  0.006618   0.06466         9       416    0.2797       0.5    0.5597     0.321   0.02395   0.01799   0.03416
   115/499     1.43G   0.02878   0.02782  0.006928   0.06354         8       416    0.3437       0.5    0.4565    0.2741   0.02236   0.01982   0.03482
   116/499     1.43G    0.0307   0.02796  0.007193   0.06585         8       416    0.2624       0.5    0.5015    0.2801   0.02335   0.01179   0.01707
   117/499     1.43G   0.02955   0.02872  0.007489   0.06576        16       416    0.3858         1    0.5558    0.3568    0.0183   0.01106  0.008228
   118/499     1.43G   0.02853   0.02917   0.00654   0.06425         7       416    0.3233    0.8484    0.4899    0.2584   0.01798   0.01262   0.04192
   119/499     1.43G   0.02879   0.02779  0.006895   0.06347        14       416    0.2924    0.8333    0.5258    0.2967   0.01732    0.0147   0.03327
   120/499     1.43G   0.02743   0.02795  0.004623   0.06001        14       416    0.3077    0.8333    0.5529    0.3843   0.01683   0.01324   0.02821
   121/499     1.43G   0.02722   0.02636  0.004632   0.05821         6       416    0.3911    0.9797    0.5973    0.4614   0.01529   0.01128   0.02069
   122/499     1.43G   0.02876   0.02687  0.004508   0.06013        16       416    0.4022         1    0.6638    0.4481   0.01848   0.01179   0.01394
   123/499     1.43G   0.02576   0.02759  0.003831   0.05718         7       416    0.4703    0.8333    0.6221    0.4273   0.01973   0.01178   0.02436
   124/499     1.43G   0.02587   0.02581  0.004658   0.05633         9       416    0.4114         1    0.6221    0.4068   0.01848   0.01373    0.0132
   125/499     1.43G    0.0265   0.02686  0.006632   0.05999         5       416    0.4118         1    0.4726    0.2747   0.02192   0.01275   0.02079
   126/499     1.43G   0.02603   0.02649  0.005761   0.05829        10       416    0.3999         1    0.7462    0.3901   0.02363   0.01449  0.007969
   127/499     1.43G    0.0287   0.02787  0.005155   0.06172        12       416    0.4992         1     0.995    0.4258   0.02338   0.01263   0.00496
   128/499     1.43G   0.02861   0.02682  0.004839   0.06026         9       416    0.4763         1     0.995    0.5973   0.01851   0.01229  0.005017
   129/499     1.43G   0.02736   0.02652  0.006524   0.06041         9       416    0.3077       0.5    0.6633    0.3207   0.02487   0.01162   0.01088
   130/499     1.43G   0.02791   0.02671  0.004958   0.05958        11       416     0.332       0.5    0.4442     0.288   0.02093   0.01006   0.03983
   131/499     1.43G   0.02931   0.02608  0.004648   0.06004         9       416    0.3483       0.5    0.4353    0.2966   0.01918   0.01099   0.03745
   132/499     1.43G   0.03068    0.0253  0.006139   0.06212         9       416    0.3604    0.6875    0.5808    0.2991   0.02764   0.01163   0.06996
   133/499     1.43G   0.02825   0.02825  0.008005   0.06451        11       416    0.4804         1     0.705    0.3155   0.02446   0.01179   0.02046
   134/499     1.43G   0.02736   0.02614  0.006693   0.06019        11       416    0.3076       0.5    0.5392    0.2948   0.02204   0.01251   0.02114
   135/499     1.43G   0.02633   0.02722  0.007867   0.06141        12       416     0.312       0.5    0.5184    0.3298   0.01881   0.01226   0.02548
   136/499     1.43G   0.02902     0.028  0.009871   0.06689        13       416     0.255       0.5     0.533    0.4031   0.01843   0.01208   0.02091
   137/499     1.43G   0.02756   0.02708  0.008827   0.06347         8       416    0.3041       0.5    0.5528    0.3486   0.02112   0.01069   0.02002
   138/499     1.43G   0.02676   0.02774  0.005465   0.05997         6       416    0.2776       0.5     0.533    0.3261   0.02133   0.01126   0.01708
   139/499     1.43G   0.02709   0.03064  0.008972    0.0667        10       416    0.2369       0.5     0.539    0.3929   0.01979   0.01019   0.01577
   140/499     1.43G    0.0267   0.02868  0.006589   0.06197         8       416    0.2295       0.5    0.5686    0.4285   0.01727   0.01053   0.01457
   141/499     1.43G   0.02679   0.02781  0.006769   0.06137         8       416    0.2402       0.5    0.5473    0.4048   0.01522   0.01086   0.01674
   142/499     1.43G   0.02704   0.02833  0.007013   0.06238        11       416     0.327    0.5756    0.5808     0.444   0.01359  0.009644   0.01322
   143/499     1.43G    0.0276   0.02603  0.004488   0.05812        10       416    0.5607         1    0.6638    0.5559   0.01469  0.009775   0.02489
   144/499     1.43G   0.02718   0.02733  0.006164   0.06067        13       416    0.4039    0.8333    0.6308    0.3472   0.02064   0.01519   0.03012
   145/499     1.43G    0.0254   0.02546  0.005265   0.05613         7       416    0.3902    0.8333    0.5258    0.2906   0.01904   0.01291   0.03566
   146/499     1.43G   0.02576   0.02583  0.004948   0.05654        15       416     0.312    0.8333    0.4168    0.2212   0.01838   0.01357   0.03217
   147/499     1.43G   0.02386   0.02565  0.006312   0.05583        13       416    0.2502       0.5    0.4353    0.2517   0.01784   0.01399   0.01766
   148/499     1.43G   0.02908   0.02716  0.005816   0.06206        14       416    0.2607       0.5    0.4975     0.274   0.01601   0.01653   0.01512
   149/499     1.43G   0.02845   0.02679  0.007366   0.06261        12       416    0.2598       0.5    0.4975    0.3442   0.01304   0.01501   0.01557
   150/499     1.43G   0.02871   0.02407  0.005434   0.05822        10       416    0.2849     0.617    0.5009    0.3054   0.01647   0.01488   0.01837
   151/499     1.43G   0.02996   0.02536  0.004818   0.06014        13       416    0.2021    0.3333    0.5145    0.3437   0.01678   0.01549   0.02884
   152/499     1.43G   0.02666   0.02638  0.004644   0.05769        10       416     0.253    0.3333    0.4486    0.1787   0.02466   0.01656   0.03546
   153/499     1.43G   0.02709    0.0255  0.006125   0.05871         8       416    0.2691       0.5    0.4868     0.218    0.0244   0.01219   0.03088
   154/499     1.43G   0.02967   0.02567  0.003548   0.05888         9       416    0.3094       0.5    0.4482    0.3047   0.01447   0.01043   0.02767
   155/499     1.43G    0.0249   0.02482  0.004883   0.05461         9       416    0.2838    0.6394    0.4488    0.2725   0.01637   0.01338   0.05131
   156/499     1.43G   0.02717    0.0257  0.004259   0.05713         8       416    0.2514       0.5    0.4505    0.2858   0.01625   0.01057   0.02209
   157/499     1.43G   0.02834    0.0266  0.005472   0.06041        10       416    0.2717       0.5    0.5145    0.3835   0.01573    0.0091   0.01591
   158/499     1.43G     0.027   0.02687  0.005457   0.05932        12       416    0.4018         1    0.5808    0.4108   0.01687  0.009875    0.0111
   159/499     1.43G   0.02485   0.02663  0.005976   0.05746        10       416    0.4217    0.9692    0.5808     0.379   0.01769   0.01124   0.02244
   160/499     1.43G    0.0273   0.02628  0.005349   0.05893        11       416    0.4347    0.9832    0.5423    0.3819   0.01816   0.01008   0.02917
   161/499     1.43G   0.02639   0.02654  0.005553   0.05849        15       416    0.3859    0.8723    0.5808    0.3459   0.01938  0.009795   0.01698
   162/499     1.43G   0.02654   0.02653  0.004849   0.05792        12       416    0.2241       0.5    0.5559    0.3985   0.01834      0.01   0.01717
   163/499     1.43G   0.02519   0.02461  0.004683   0.05448        12       416    0.4181    0.9799    0.5423     0.352   0.01955  0.008881   0.02209
   164/499     1.43G   0.02479   0.02566   0.00348   0.05393        11       416    0.3576    0.8333    0.5258    0.3432   0.01976  0.009212   0.02377
   165/499     1.43G   0.02408   0.02581  0.004123   0.05401        12       416    0.3464    0.7651    0.5313     0.279   0.02395  0.009188   0.04039
   166/499     1.43G   0.02564   0.02625  0.004861   0.05675        10       416    0.2854    0.6667    0.4571    0.2784   0.02149   0.01051   0.05146
   167/499     1.43G   0.02522   0.02531  0.004906   0.05544         9       416    0.3485    0.9727    0.4569    0.3531   0.01329   0.01231   0.02669
   168/499     1.43G    0.0254    0.0261  0.006371   0.05788         7       416    0.3734    0.9159    0.5394    0.3749    0.0137  0.009757   0.02043
   169/499     1.43G   0.02574   0.02566  0.004383   0.05578        15       416    0.2832    0.7281    0.5606    0.1786    0.0233   0.01362   0.04424
   170/499     1.43G   0.02602   0.02607  0.004426   0.05651        11       416    0.4057    0.9017    0.5313    0.2591   0.02045   0.01206   0.03318
   171/499     1.43G   0.02518   0.02642  0.005138   0.05675         7       416    0.2866    0.4555    0.4899    0.2792   0.02012  0.009631   0.03433
   172/499     1.43G   0.02596   0.02791  0.006659   0.06053        14       416    0.4504    0.9491    0.5313    0.3457    0.0182   0.01042   0.02767
   173/499     1.43G   0.02529   0.02577  0.004259   0.05532        11       416    0.3723    0.8333    0.4983    0.3159   0.01707  0.009609   0.02726
   174/499     1.43G   0.02524   0.02448  0.004163   0.05388        13       416    0.3527    0.8333    0.4983    0.3213   0.01625   0.01115   0.03413
   175/499     1.43G   0.02359    0.0254  0.003715    0.0527         9       416    0.4478    0.9413    0.5313    0.2957   0.01484   0.01103   0.03143
   176/499     1.43G     0.024   0.02385   0.00368   0.05153        11       416    0.3627    0.6881    0.5423    0.3612   0.01392   0.01314   0.03221
   177/499     1.43G   0.02538   0.02406  0.003951   0.05339         7       416    0.2969    0.4898    0.5009    0.3163   0.01527   0.01542   0.03191
   178/499     1.43G   0.02567   0.02688  0.004362   0.05692        14       416    0.2697       0.5     0.476    0.2813   0.02038   0.01343   0.02843
   179/499     1.43G   0.02474   0.02332  0.002737    0.0508         6       416    0.2055    0.3333    0.4595    0.2665   0.02028    0.0123   0.03227
